0.000000 0.0332875 0.0239570 0.2013112 0.0013091 -0.0272703 0.0004236 0.9996272
1.000000 0.0334115 0.0240187 0.2011402 0.0013431 -0.0272997 0.0005403 0.9996263
2.000000 0.0453628 0.0306520 0.2490358 -0.0004621 0.0183677 0.0019778 0.9998293
3.000000 0.0452099 0.0307210 0.2492560 -0.0002582 0.0186339 0.0019701 0.9998244
4.000000 0.0503812 0.0302472 0.2568003 -0.0034463 0.0633283 -0.0065266 0.9979655
5.000000 0.0697884 0.0423110 0.3483112 0.0002260 0.0458997 -0.0023594 0.9989433
6.000000 0.0698272 0.0421862 0.3493387 0.0012172 0.0465032 -0.0027698 0.9989136
7.000000 0.0756280 0.0434480 0.3573574 0.0012107 0.0847077 -0.0107292 0.9963474
8.000000 0.0756906 0.0434727 0.3577411 0.0015099 0.0848016 -0.0103004 0.9963435
9.000000 0.0865100 0.0458611 0.3908236 -0.0021884 0.0748429 -0.0058969 0.9971755
10.000000 0.0884080 0.0487027 0.3961717 0.0021267 0.0954282 -0.0086374 0.9953966
11.000000 0.0905830 0.0486376 0.3986924 0.0008646 0.1118271 -0.0127465 0.9936456
12.000000 0.0910629 0.0485537 0.3998410 0.0003076 0.1188494 -0.0141464 0.9928115
13.000000 0.0909493 0.0485909 0.3994993 0.0006939 0.1188231 -0.0133834 0.9928250
14.000000 0.1050531 0.0529866 0.4409893 0.0007424 0.1135247 -0.0160447 0.9934053
15.000000 0.1049761 0.0528984 0.4409915 0.0005102 0.1136666 -0.0162043 0.9933867
16.000000 0.1049526 0.0527081 0.4408050 0.0006363 0.1144895 -0.0159373 0.9932964
17.000000 0.1275596 0.0596022 0.4564048 0.0061741 0.2274735 -0.0316837 0.9732491
18.000000 0.1273375 0.0599184 0.4559971 0.0071889 0.2272907 -0.0310490 0.9733053
19.000000 0.1294617 0.0611980 0.4599445 0.0094699 0.2255727 -0.0285260 0.9737626
20.000000 0.1430124 0.0620241 0.4817127 0.0039816 0.2208375 -0.0317271 0.9747863
21.000000 0.1431453 0.0618297 0.4823592 0.0034632 0.2212699 -0.0322402 0.9746734
22.000000 0.1455818 0.0624984 0.4865396 0.0015015 0.2849256 -0.0434099 0.9575651
23.000000 0.1521590 0.0646846 0.4813873 0.0084678 0.2878149 -0.0347450 0.9570181
24.000000 0.1526416 0.0644295 0.4821741 0.0081854 0.2879826 -0.0348406 0.9569667
25.000000 0.1571525 0.0656069 0.4879372 0.0106689 0.2860629 -0.0334599 0.9575671
26.000000 0.2176023 0.0716927 0.5533761 0.0066726 0.3046721 -0.0372970 0.9517034
27.000000 0.2591222 0.0778424 0.5656568 0.0102995 0.4114143 -0.0464080 0.9102079
28.000000 0.2557690 0.0800177 0.5570518 0.0135584 0.4086946 -0.0446752 0.9114763
29.000000 0.3052002 0.0684613 0.6021692 -0.0073868 0.4056990 -0.0559920 0.9122602
30.000000 0.3173636 0.0675035 0.6094856 -0.0103028 0.4514771 -0.0616441 0.8900912
31.000000 0.5604589 0.0729854 0.6724858 -0.0221354 0.5697754 -0.0713572 0.8183974
32.000000 0.5805824 0.0890686 0.6623961 0.0046011 0.6097472 -0.0664695 0.7897905
33.000000 0.6051432 0.0890255 0.6673355 0.0035288 0.6093845 -0.0668863 0.7900407
34.000000 0.6424677 0.0935301 0.6827824 0.0160823 0.5613848 -0.0517442 0.8257790
35.000000 0.7036590 0.0880109 0.6997306 -0.0026697 0.5541190 -0.0531960 0.8307318
36.000000 0.7093854 0.0926458 0.7010092 0.0054757 0.5548072 -0.0554656 0.8301100
37.000000 0.7299889 0.0893068 0.7072734 -0.0054830 0.5521077 -0.0554238 0.8319107
38.000000 0.7304632 0.0819057 0.7031909 -0.0246536 0.5528489 -0.0625361 0.8305658
39.000000 0.7386078 0.0912076 0.7057209 -0.0029702 0.5765876 -0.0588209 0.8149098
40.000000 0.7398396 0.0840489 0.7049018 -0.0236008 0.5803770 -0.0684983 0.8111187
41.000000 0.7453214 0.0927993 0.7024303 0.0004445 0.5987431 -0.0619107 0.7985446
42.000000 0.7447358 0.0921284 0.7019272 -0.0021316 0.5988166 -0.0631555 0.7983893
43.000000 0.8844270 0.0976602 0.7218688 -0.0024120 0.6014763 -0.0643674 0.7962898
44.000000 0.8853086 0.0979134 0.7220849 -0.0021041 0.6016530 -0.0644854 0.7961475
45.000000 0.8969380 0.0979155 0.7115928 -0.0025179 0.6481737 -0.0686706 0.7583857
46.000000 0.8967639 0.0980293 0.7113819 -0.0026157 0.6480799 -0.0687585 0.7584576
47.000000 1.0571697 0.0969490 0.6979696 0.0030015 0.6777417 -0.0757101 0.7313858
48.000000 1.0572381 0.0973004 0.6978844 0.0034633 0.6776642 -0.0756333 0.7314634
49.000000 0.8821014 0.0893718 0.6545841 0.0013293 0.6985972 -0.0784991 0.7111949
50.000000 1.0818142 0.0924679 0.6810104 0.0004987 0.7162262 -0.0799910 0.6932685
51.000000 1.0801123 0.0954497 0.6736951 0.0033198 0.7254323 -0.0800961 0.6836092
52.000000 1.3349595 0.0934605 0.6233879 -0.0004023 0.7365299 -0.0810225 0.6715348
53.000000 1.4228907 0.0936581 0.6080883 0.0000763 0.7322444 -0.0791457 0.6764275
54.000000 1.4481947 0.0929393 0.5886137 -0.0009009 0.7589992 -0.0815550 0.6459631
55.000000 1.4486027 0.0936003 0.5937680 -0.0019203 0.7600446 -0.0820399 0.6446688
56.000000 1.4496766 0.0947692 0.5952615 -0.0016879 0.7604496 -0.0824200 0.6441432
57.000000 1.4557501 0.0979128 0.5774412 -0.0002586 0.7846357 -0.0851481 0.6140820
58.000000 1.4550170 0.0977480 0.5776457 -0.0003418 0.7846104 -0.0851487 0.6141141
59.000000 1.4442422 0.0969766 0.5807731 -0.0008587 0.7906881 -0.0857181 0.6061881
60.000000 1.4453006 0.1003921 0.5564526 0.0016605 0.8202000 -0.0885194 0.5651846
61.000000 1.4736589 0.1012192 0.5554200 0.0032130 0.8328067 -0.0888366 0.5463796
62.000000 1.4738477 0.1011769 0.5552896 0.0035148 0.8327949 -0.0888949 0.5463862
63.000000 1.5590339 0.1049109 0.5115428 0.0040595 0.8273059 -0.0902433 0.5544408
64.000000 1.7158368 0.0951071 0.4281278 -0.0001229 0.8201778 -0.0902411 0.5649468
65.000000 1.7159762 0.0951870 0.4275867 0.0012410 0.8205073 -0.0913019 0.5642961
66.000000 1.8218640 0.0916295 0.3766351 -0.0017647 0.8154406 -0.0926329 0.5713780
67.000000 1.8431969 0.0898782 0.3538790 -0.0036290 0.8463184 -0.0950629 0.5241136
68.000000 1.8589369 0.0892022 0.3305414 -0.0021221 0.8707477 -0.0955062 0.4823613
69.000000 1.8930238 0.0874680 0.2948327 -0.0023953 0.8892428 -0.0974315 0.4469326
70.000000 1.8992720 0.0891445 0.2915709 -0.0010907 0.8923080 -0.0988749 0.4404646
71.000000 1.9840088 0.0805303 0.2181020 -0.0040246 0.8904175 -0.0935980 0.4453987
72.000000 2.0215232 0.0838090 0.1604898 -0.0106196 0.9310810 -0.1044919 0.3493663
73.000000 2.0712888 0.0754572 0.0905714 -0.0099156 0.9297553 -0.1000093 0.3541961
74.000000 2.0878928 0.0749798 0.0893898 -0.0083279 0.9344275 -0.1013855 0.3413163
75.000000 2.1030626 0.0587903 -0.0227622 -0.0205194 0.9639350 -0.1023953 0.2447926
76.000000 2.1031466 0.0579873 -0.0255061 -0.0202326 0.9645061 -0.1023045 0.2425951
77.000000 2.0279827 0.0637009 0.0437087 -0.0325949 0.9662360 -0.0998518 0.2352768
78.000000 2.1288404 0.0521155 -0.1466022 -0.0236783 0.9745831 -0.1045334 0.1967229
79.000000 2.1303124 0.0516993 -0.1470083 -0.0233651 0.9758132 -0.1049559 0.1903338
80.000000 2.1206806 0.0448137 -0.1842266 -0.0260443 0.9804643 -0.1045033 0.1645923
81.000000 2.0949268 0.0631699 -0.1498941 -0.0223868 0.9815597 -0.1080188 0.1561133
82.000000 2.1317220 0.0478040 -0.2463230 -0.0235159 0.9822891 -0.1035582 0.1543722
83.000000 2.0755835 0.0430839 -0.2658275 -0.0257269 0.9876198 -0.1044300 0.1141919
84.000000 2.0739255 0.0398071 -0.2624103 -0.0261899 0.9876186 -0.1039292 0.1145524
85.000000 2.0723426 0.0432093 -0.2643908 -0.0247759 0.9873109 -0.1067218 0.1149515
86.000000 2.0913103 0.0360488 -0.3639023 -0.0281706 0.9864218 -0.1045000 0.1235240
87.000000 2.1491394 0.0289898 -0.4870870 -0.0241494 0.9874297 -0.1035901 0.1169121
88.000000 2.1606538 0.0259789 -0.5103859 -0.0302754 0.9885747 -0.1041427 0.1046797
89.000000 2.1094785 0.0211207 -0.5143250 -0.0295466 0.9898286 -0.1036014 0.0929145
90.000000 2.1090963 0.0205123 -0.5177437 -0.0297778 0.9898212 -0.1036267 0.0928918
91.000000 2.1320727 0.0103876 -0.6445079 -0.0282781 0.9891322 -0.1049621 0.0989986
92.000000 2.1280046 0.0033317 -0.6654541 -0.0303205 0.9891244 -0.1043979 0.0990701
93.000000 2.1010184 -0.0312274 -0.8603625 -0.0263250 0.9924638 -0.0964505 0.0708511
94.000000 0.0357780 -0.0039987 -0.0377475 0.0015241 -0.1285413 0.0116703 0.9916343
95.000000 0.0193416 0.0041879 0.0487540 0.0040079 -0.1444351 0.0090328 0.9894649
96.000000 0.0201201 0.0045795 0.0500065 0.0041770 -0.1324805 0.0072887 0.9911500
97.000000 0.0202580 0.0048689 0.0506570 0.0045991 -0.1297268 0.0078372 0.9915082
98.000000 0.0190971 0.0068114 0.0590208 0.0066568 -0.1345544 0.0146558 0.9907755
99.000000 0.0096546 0.0108426 0.1047690 0.0012750 -0.1412707 0.0084209 0.9899344
100.000000 0.0111062 0.0151343 0.1292743 0.0045906 -0.0912836 0.0045386 0.9958041
101.000000 0.0114170 0.0143510 0.1286274 0.0032346 -0.0907248 0.0004473 0.9958706
102.000000 0.0144903 0.0165897 0.1356305 0.0043021 -0.0528143 -0.0014788 0.9985940
103.000000 0.0147266 0.0165429 0.1357682 0.0039658 -0.0527370 -0.0041571 0.9985919
104.000000 0.0201164 0.0182511 0.1479114 0.0041043 -0.0105140 -0.0030134 0.9999318
