0.000000 0.0000000 0.0000000 0.0000000 -0.0000000 -0.0000000 -0.0000000 1.0000000
1.000000 0.0100100 0.0125808 0.0623227 0.0033312 0.0184193 -0.0046273 0.9998141
2.000000 0.0101401 0.0097057 0.0677124 0.0008357 0.0186514 -0.0044668 0.9998158
3.000000 0.0104999 0.0095917 0.0682831 0.0013136 0.0184402 -0.0041324 0.9998206
4.000000 0.0101281 0.0061811 0.0706942 -0.0001809 0.0190867 -0.0050294 0.9998052
5.000000 0.0154547 0.0159729 0.1204477 0.0042532 0.0116221 -0.0042246 0.9999145
6.000000 0.0245852 0.0229255 0.1876990 0.0021593 0.0204762 -0.0052910 0.9997740
7.000000 0.0310197 0.0294622 0.2514115 -0.0014408 0.0127496 -0.0040747 0.9999094
8.000000 0.0359761 0.0305561 0.2550903 -0.0015776 0.0316082 -0.0056943 0.9994829
9.000000 0.0403665 0.0358731 0.2983720 -0.0021551 0.0280003 -0.0001535 0.9996056
10.000000 0.0478357 0.0325756 0.2866135 -0.0053680 0.0201522 -0.0010128 0.9997820
11.000000 0.0495582 0.0420797 0.3364019 0.0007936 0.0395336 -0.0043078 0.9992086
12.000000 0.0553692 0.0423073 0.3418251 -0.0005490 0.0907443 -0.0144881 0.9957687
13.000000 0.0643514 0.0448546 0.3583122 0.0005950 0.1187491 -0.0189325 0.9927436
14.000000 0.0637718 0.0436178 0.3568734 -0.0014840 0.1188616 -0.0210804 0.9926859
15.000000 0.0673424 0.0454163 0.3600123 -0.0007727 0.1484976 -0.0262530 0.9885640
16.000000 0.0677178 0.0454604 0.3597555 -0.0000702 0.1512599 -0.0254977 0.9881651
17.000000 0.0685952 0.0456782 0.3615824 0.0003320 0.1572449 -0.0254231 0.9872323
18.000000 0.0961031 0.0518852 0.4175540 0.0021788 0.1661206 -0.0260027 0.9857602
19.000000 0.1497595 0.0633622 0.4997349 0.0057608 0.2140666 -0.0327385 0.9762533
20.000000 0.1615586 0.0649917 0.5207693 0.0016969 0.2092130 -0.0333817 0.9772987
21.000000 0.1611678 0.0646639 0.5197507 0.0012258 0.2090550 -0.0337674 0.9773200
22.000000 0.1888291 0.0699652 0.5502877 0.0066588 0.2589776 -0.0386149 0.9650881
23.000000 0.2169756 0.0715777 0.5524737 0.0070424 0.3734178 -0.0458603 0.9265023
24.000000 0.2501978 0.0748238 0.5787410 0.0061087 0.3892493 -0.0489697 0.9198096
25.000000 0.2501539 0.0752063 0.5787507 0.0067513 0.3895475 -0.0487153 0.9196923
26.000000 0.2588711 0.0758754 0.5860696 0.0074383 0.3889561 -0.0483447 0.9199569
27.000000 0.4350180 0.0920435 0.6811342 0.0072907 0.4723854 -0.0569117 0.8795226
28.000000 0.3976657 0.0834271 0.6632380 0.0073818 0.4514779 -0.0485976 0.8909273
29.000000 0.3595515 0.0867888 0.6398986 0.0098366 0.4512532 -0.0534402 0.8907401
30.000000 0.3601478 0.0868663 0.6403280 0.0098842 0.4513044 -0.0534704 0.8907118
31.000000 0.3597380 0.0867737 0.6399699 0.0097513 0.4512398 -0.0535108 0.8907436
32.000000 0.3692548 0.0856385 0.6449434 0.0095194 0.4634452 -0.0545795 0.8843919
33.000000 0.4066084 0.0813025 0.6524759 0.0030789 0.5112231 -0.0588742 0.8574237
34.000000 0.4103065 0.0816484 0.6534407 0.0033614 0.5106955 -0.0594340 0.8576983
35.000000 0.4006834 0.0791197 0.6522853 -0.0013083 0.5200967 -0.0624303 0.8518217
36.000000 0.3986943 0.0813850 0.6500161 0.0020449 0.5269276 -0.0597095 0.8478077
37.000000 0.3855972 0.0806677 0.6491542 -0.0018221 0.5317479 -0.0632133 0.8445384
38.000000 0.4522901 0.0845344 0.6578655 0.0045649 0.5463063 -0.0600030 0.8354210
39.000000 0.4688888 0.0854428 0.6669244 0.0030601 0.5477988 -0.0594958 0.8344863
40.000000 0.4906699 0.0859279 0.6647573 0.0043751 0.5784928 -0.0618055 0.8133308
41.000000 0.5298916 0.0882217 0.6756037 0.0020983 0.5762823 -0.0627317 0.8148368
42.000000 0.5784827 0.0936402 0.6784026 0.0103019 0.5765425 -0.0596916 0.8148187
43.000000 0.6228573 0.0869296 0.6816080 -0.0019980 0.6213256 -0.0703914 0.7803818
44.000000 0.7837079 0.0933829 0.6848596 -0.0030472 0.6589952 -0.0683109 0.7490325
45.000000 0.7877953 0.0929113 0.6853134 -0.0037037 0.6596345 -0.0693536 0.7483707
46.000000 0.8326491 0.0921762 0.6694260 -0.0030870 0.6984968 -0.0724835 0.7119262
47.000000 0.8595420 0.0933143 0.6693543 -0.0016248 0.6968297 -0.0729165 0.7135187
48.000000 0.9622568 0.0933952 0.6645906 -0.0008961 0.6899475 -0.0747267 0.7199914
49.000000 0.9788529 0.0922389 0.6453868 -0.0002849 0.7183175 -0.0778987 0.6913405
50.000000 1.2616460 0.0902131 0.6031961 -0.0034253 0.7279474 -0.0806404 0.6808656
51.000000 1.2673063 0.0903711 0.5975491 -0.0023069 0.7343869 -0.0809109 0.6738873
52.000000 1.2672325 0.0909360 0.5976080 -0.0023089 0.7344423 -0.0811026 0.6738038
53.000000 1.4310615 0.0905503 0.5506923 -0.0009056 0.7614349 -0.0839756 0.6427785
54.000000 1.5680165 0.0861289 0.4425014 -0.0030657 0.8092559 -0.0876738 0.5808689
55.000000 1.6144322 0.0952266 0.4466064 0.0003291 0.8176361 -0.0898814 0.5686760
56.000000 1.6376630 0.0839639 0.4095575 -0.0042915 0.8299007 -0.0897710 0.5506248
57.000000 1.6676160 0.0862867 0.4018439 -0.0016492 0.8375321 -0.0900359 0.5389163
58.000000 1.6687518 0.0917135 0.4116145 -0.0004538 0.8385166 -0.0906750 0.5372780
59.000000 1.6638527 0.0891077 0.4084249 -0.0032351 0.8378695 -0.0911197 0.5382020
60.000000 1.7858012 0.0842764 0.3125329 0.0044085 0.8862090 -0.0933927 0.4537533
61.000000 1.8742143 0.0831937 0.2400885 0.0051682 0.8828686 -0.0919747 0.4604965
62.000000 1.8958045 0.0833378 0.2138107 0.0044359 0.8936931 -0.0950037 0.4384828
63.000000 1.9379619 0.0768065 0.1748359 0.0022216 0.8916209 -0.0942153 0.4428666
64.000000 1.9297035 0.0718447 0.1420228 0.0006806 0.8863676 -0.0954963 0.4530261
65.000000 1.9626859 0.0732050 0.1480396 0.0036886 0.8985694 -0.0964620 0.4280824
66.000000 2.0304918 0.0705172 0.0809715 0.0007626 0.8965509 -0.0938178 0.4328905
67.000000 2.0299816 0.0696141 0.0813909 0.0015616 0.8966817 -0.0941598 0.4325429
68.000000 2.0241051 0.0678142 0.0772517 0.0012595 0.8959064 -0.0934498 0.4343008
69.000000 2.0176983 0.0653450 0.0458255 -0.0010777 0.9089434 -0.0962585 0.4056538
70.000000 2.0528021 0.0664303 0.0321262 -0.0068548 0.9230206 -0.0963995 0.3724153
71.000000 2.0240121 0.0701976 0.0599809 -0.0036615 0.9238220 -0.0982708 0.3699763
72.000000 2.0432773 0.0696741 0.0409796 -0.0095971 0.9377242 -0.1013327 0.3321341
73.000000 2.0242546 0.0645898 0.0509523 -0.0225064 0.9507242 -0.1029564 0.2915767
74.000000 2.0304766 0.0634816 0.0246866 -0.0218490 0.9585667 -0.1032479 0.2645987
75.000000 2.0407939 0.0639070 0.0089654 -0.0199751 0.9588293 -0.1042600 0.2633955
76.000000 2.1237092 0.0503040 -0.1572130 -0.0185786 0.9567366 -0.1002964 0.2724898
77.000000 2.1239939 0.0489697 -0.1954850 -0.0183429 0.9668432 -0.1037460 0.2326253
78.000000 2.1195359 0.0439889 -0.1890534 -0.0257723 0.9678467 -0.1027421 0.2281505
79.000000 2.1559796 0.0381105 -0.2994623 -0.0196658 0.9694051 -0.1019076 0.2224454
80.000000 2.1508920 0.0408322 -0.3321050 -0.0187686 0.9796253 -0.1038388 0.1708788
81.000000 2.1565022 0.0418902 -0.3477581 -0.0160361 0.9795134 -0.1057884 0.1706024
82.000000 2.1909361 0.0186604 -0.4439780 -0.0277736 0.9802128 -0.1009945 0.1679632
83.000000 2.2069438 0.0134148 -0.4781311 -0.0289884 0.9844132 -0.1007314 0.1412213
84.000000 2.1688926 0.0225613 -0.4801104 -0.0245579 0.9850764 -0.1025809 0.1360091
85.000000 2.1697514 0.0233004 -0.4805369 -0.0248552 0.9850664 -0.1027839 0.1358745
86.000000 2.1760473 0.0208934 -0.5020199 -0.0281042 0.9867772 -0.1040198 0.1210821
87.000000 2.1034522 0.0181028 -0.4728657 -0.0275244 0.9915979 -0.1048048 0.0706541
88.000000 2.1049829 -0.0050842 -0.6274663 -0.0310627 0.9926370 -0.1009598 0.0592785
89.000000 2.1046584 -0.0158611 -0.6848880 -0.0259190 0.9927673 -0.1001936 0.0608477
90.000000 2.0895147 -0.0380678 -0.7926353 -0.0298184 0.9935765 -0.0975782 0.0489414
91.000000 2.0677862 -0.0626675 -0.8984345 -0.0299774 0.9935784 -0.0915435 0.0593549
92.000000 2.0679507 -0.0626439 -0.8984909 -0.0295439 0.9934977 -0.0923637 0.0596530
93.000000 0.0378795 -0.0053992 -0.0403733 0.0003485 -0.1226743 0.0046189 0.9924362
94.000000 0.0378647 -0.0053723 -0.0404133 0.0003862 -0.1227443 0.0047172 0.9924271
95.000000 0.0469632 -0.0033924 -0.0188276 0.0006378 -0.1527622 0.0124450 0.9881845
96.000000 0.0347113 0.0014942 0.0325659 -0.0007202 -0.1577009 0.0095810 0.9874402
97.000000 0.0336352 0.0046658 0.0455394 0.0031418 -0.1398201 0.0154304 0.9900517
98.000000 0.0306064 0.0052792 0.0577308 0.0023203 -0.1405881 0.0166104 0.9899261
99.000000 0.0463083 0.0001178 0.0690768 -0.0051200 -0.1442651 -0.0125003 0.9894469
100.000000 0.0288668 0.0120196 0.1001986 0.0062582 -0.0945075 0.0069156 0.9954805
101.000000 0.0279826 0.0227536 0.1515474 0.0091470 -0.0781805 0.0168586 0.9967547
